# t x1 v1 x2 v2 (only points where x1 crosses 0 with v1>0)
4.53381303 0.00000000 1.73511834 -1.12340769 0.58717733
9.75391729 0.00000000 0.85193267 0.44390403 -2.61135919
14.56721000 0.00000000 1.68795941 -0.63497223 1.64369439
20.23040733 0.00000000 0.70282991 -2.00968243 0.19133142
24.68808742 0.00000000 1.82909022 1.92697758 1.33869738
31.03586735 0.00000000 0.38954851 -1.79175229 0.23649600
34.72734223 0.00000000 1.98883391 1.89612720 -0.22078324
41.20011933 0.00000000 0.93059243 -1.68841781 0.26049086
44.76248635 0.00000000 1.60586519 1.79070621 -0.24373445
51.20088273 0.00000000 1.45207098 -1.60300206 0.28354534
54.84643807 0.00000000 1.05408756 1.71517475 -0.26188016
61.19104263 0.00000000 1.82218609 -1.47553468 0.32902618
65.09880937 0.00000000 0.52712446 1.60251513 -0.29585389
71.14504507 0.00000000 2.00533097 -1.26581425 0.44728341
76.02574607 0.00000000 0.83761180 1.09409372 -0.70299615
81.15644900 0.00000000 1.94008567 -0.91823705 0.88591996
86.54293695 0.00000000 1.11288567 -1.77551153 -4.07932424
91.26530598 0.00000000 1.83013957 0.48880931 6.54838726
97.17560298 0.00000000 0.60047629 -1.92039624 0.20979810
101.34755375 0.00000000 2.10618579 1.94918622 -0.20096208
107.75595437 0.00000000 0.70076193 -1.73637902 0.24871916
111.36954447 0.00000000 1.86398515 1.82790434 -0.23560121
117.80876567 0.00000000 1.25947121 -1.64755753 0.27065899
121.43153720 0.00000000 1.33468288 1.74287711 -0.25525132
127.81592636 0.00000000 1.68337992 -1.54116097 0.30366663
131.56209942 0.00000000 0.73971960 1.66678327 -0.27507519
137.78476183 0.00000000 1.96097961 -1.37093982 0.37944409
142.22727039 0.00000000 0.60241191 1.38558047 -0.40330885
147.75733124 0.00000000 1.99411329 -1.09808376 0.60781979
152.97736697 0.00000000 1.11604554 0.31508697 -3.21882061
157.82743392 0.00000000 1.85818418 -0.50664579 2.08098253
163.45610703 0.00000000 0.82477916 -2.00789981 0.19266119
167.94652708 0.00000000 2.00760616 1.97711412 0.32613973
174.23058359 0.00000000 0.51645887 -1.79718026 0.23481420
177.97673975 0.00000000 2.03638738 1.87688641 -0.22510105
184.41900733 0.00000000 1.02445843 -1.68561303 0.26082651
188.01753154 0.00000000 1.58106186 1.77653933 -0.24724080
194.43390243 0.00000000 1.51364924 -1.59323885 0.28639650
198.10807224 0.00000000 1.00368606 1.70361337 -0.26503434
204.42398154 0.00000000 1.86177816 -1.45661284 0.33707494
208.42226969 0.00000000 0.51678939 1.57000123 -0.30819898
214.37912241 0.00000000 2.01210518 -1.23424787 0.47184867
219.35082538 0.00000000 0.90800835 0.99165902 -0.87781451
224.40319905 0.00000000 1.92471126 -0.85639674 1.01359080
229.83309524 0.00000000 1.05991469 -1.99632388 -1.02220794
234.51953075 0.00000000 1.84884572 1.00780390 7.50836550
240.51664167 0.00000000 0.55500780 -1.89328582 0.21487788
244.58850597 0.00000000 2.11021596 1.93329222 -0.21038142
251.01021142 0.00000000 0.76824492 -1.72455427 0.25148045
254.61265143 0.00000000 1.80843858 1.81602711 -0.23822939
261.04845259 0.00000000 1.31749021 -1.63684007 0.27359333
264.68035433 0.00000000 1.26634185 1.73444641 -0.25730720
271.05323949 0.00000000 1.72496003 -1.52521941 0.30942378
274.83062611 0.00000000 0.67458336 1.65353662 -0.27901331
281.01688111 0.00000000 1.97930045 -1.34473414 0.39451100
285.59001804 0.00000000 0.65995946 1.31754217 -0.45294371
290.99842589 0.00000000 1.98267422 -1.05533992 0.66245020
296.26736929 0.00000000 1.14840015 -0.08209088 -5.19970167
301.08010623 0.00000000 1.84322804 -0.34628263 2.74443972
306.77547834 0.00000000 0.76105623 -1.98695224 0.19793062
311.19245264 0.00000000 2.04665666 1.98352239 -0.02542387
317.52532390 0.00000000 0.54978876 -1.77732359 0.23928016
321.21747983 0.00000000 1.99734443 1.86291854 -0.22806118
327.66051481 0.00000000 1.09064270 -1.67555295 0.26334282
331.26388196 0.00000000 1.51627779 1.76699975 -0.24948115
337.67302571 0.00000000 1.56173828 -1.58021944 0.29050298
341.36218651 0.00000000 0.93162924 1.69482009 -0.26732823
347.65765536 0.00000000 1.89282676 -1.43533968 0.34670404
351.75697463 0.00000000 0.51396135 1.53191278 -0.32405827
357.61475529 0.00000000 2.01171918 -1.20055079 0.50073519
362.66604624 0.00000000 0.97231727 0.86981093 -1.14677941
367.65137998 0.00000000 1.90661670 -0.78508941 1.18364909
373.12840669 0.00000000 0.99856921 -2.04157969 -0.06767129
377.77272687 0.00000000 1.88262504 1.51075186 5.79855418
383.85764578 0.00000000 0.52058075 -1.86549184 0.22033333
387.82885994 0.00000000 2.10310203 1.91754583 -0.21570961
394.25985434 0.00000000 0.83741019 -1.71352043 0.25408168
397.85641777 0.00000000 1.74987966 1.80472477 -0.24076478
404.28809814 0.00000000 1.37313032 -1.62573942 0.27671925
407.92986361 0.00000000 1.19685622 1.72618482 -0.25934102
414.28986763 0.00000000 1.76464113 -1.50827858 0.31580411
418.10733266 0.00000000 0.61568060 1.63755865 -0.28401480
424.24921501 0.00000000 1.99361240 -1.31710602 0.41163737
428.94522866 0.00000000 0.72420645 1.24250051 -0.52018263
434.24106765 0.00000000 1.96914111 -1.00900161 0.72929731
439.55449034 0.00000000 1.16030014 -0.68234056 -7.65392088
444.33364758 0.00000000 1.83222189 -0.12610740 3.76771782
450.10239035 0.00000000 0.69899431 -1.96409525 0.20203546
454.43657120 0.00000000 2.07724658 1.97442399 -0.14543945
460.80541167 0.00000000 0.59749999 -1.76039004 0.24315376
464.45873303 0.00000000 1.95235250 1.84952662 -0.23091513
470.90123992 0.00000000 1.15475438 -1.66541537 0.26593558
474.51086611 0.00000000 1.45037780 1.75784213 -0.25165426
480.91181571 0.00000000 1.60802202 -1.56651825 0.29497316
484.61858385 0.00000000 0.85980740 1.68541264 -0.26984717
490.89063886 0.00000000 1.92085133 -1.41277964 0.35752959
495.10826461 0.00000000 0.53167529 1.48517830 -0.34594799
